-2 -2.23245
-1.99 -2.21729
-1.98 -2.20201
-1.97 -2.18662
-1.96 -2.17111
-1.95 -2.15547
-1.94 -2.13971
-1.93 -2.12382
-1.92 -2.10779
-1.91 -2.09164
-1.9 -2.07535
-1.89 -2.05891
-1.88 -2.04234
-1.87 -2.02562
-1.86 -2.00875
-1.85 -1.99172
-1.84 -1.97455
-1.83 -1.95721
-1.82 -1.93971
-1.81 -1.92204
-1.8 -1.90421
-1.79 -1.8862
-1.78 -1.86801
-1.77 -1.84963
-1.76 -1.83107
-1.75 -1.81232
-1.74 -1.79338
-1.73 -1.77423
-1.72 -1.75488
-1.71 -1.73532
-1.7 -1.71554
-1.69 -1.69554
-1.68 -1.67532
-1.67 -1.65487
-1.66 -1.63418
-1.65 -1.61324
-1.64 -1.59206
-1.63 -1.57062
-1.62 -1.54893
-1.61 -1.52697
-1.6 -1.50473
-1.59 -1.48222
-1.58 -1.45942
-1.57 -1.43633
-1.56 -1.41295
-1.55 -1.38926
-1.54 -1.36526
-1.53 -1.34095
-1.52 -1.31631
-1.51 -1.29135
-1.5 -1.26606
-1.49 -1.24044
-1.48 -1.21448
-1.47 -1.18817
-1.46 -1.16152
-1.45 -1.13452
-1.44 -1.10718
-1.43 -1.07949
-1.42 -1.05146
-1.41 -1.02309
-1.4 -0.994392
-1.39 -0.965366
-1.38 -0.936026
-1.37 -0.906384
-1.36 -0.876458
-1.35 -0.846265
-1.34 -0.815827
-1.33 -0.785169
-1.32 -0.75432
-1.31 -0.723311
-1.3 -0.692178
-1.29 -0.660958
-1.28 -0.629692
-1.27 -0.598423
-1.26 -0.567197
-1.25 -0.53606
-1.24 -0.505061
-1.23 -0.474246
-1.22 -0.443663
-1.21 -0.413359
-1.2 -0.383377
-1.19 -0.353759
-1.18 -0.324544
-1.17 -0.295767
-1.16 -0.267461
-1.15 -0.239652
-1.14 -0.212365
-1.13 -0.185619
-1.12 -0.159431
-1.11 -0.133811
-1.1 -0.108769
-1.09 -0.0843107
-1.08 -0.0604378
-1.07 -0.0371504
-1.06 -0.0144461
-1.05 0.00767958
-1.04 0.0292326
-1.03 0.0502205
-1.02 0.0706518
-1.01 0.0905361
-1 0.109884
-0.99 0.128705
-0.98 0.147013
-0.97 0.164816
-0.96 0.182129
-0.95 0.198961
-0.94 0.215325
-0.93 0.231232
-0.92 0.246694
-0.91 0.261721
-0.9 0.276326
-0.89 0.290517
-0.88 0.304307
-0.87 0.317705
-0.86 0.330721
-0.85 0.343364
-0.84 0.355644
-0.83 0.36757
-0.82 0.37915
-0.81 0.390393
-0.8 0.401306
-0.79 0.411899
-0.78 0.422177
-0.77 0.432149
-0.76 0.441821
-0.75 0.451201
-0.74 0.460294
-0.73 0.469107
-0.72 0.477646
-0.71 0.485916
-0.7 0.493925
-0.69 0.501675
-0.68 0.509174
-0.67 0.516426
-0.66 0.523436
-0.65 0.530208
-0.64 0.536748
-0.63 0.543058
-0.62 0.549145
-0.61 0.555011
-0.6 0.56066
-0.59 0.566097
-0.58 0.571325
-0.57 0.576348
-0.56 0.581168
-0.55 0.58579
-0.54 0.590215
-0.53 0.594449
-0.52 0.598492
-0.51 0.602349
-0.5 0.606022
-0.49 0.609513
-0.48 0.617443
-0.47 0.620311
-0.46 0.622993
-0.45 0.623553
-0.44 0.625045
-0.43 0.626789
-0.42 0.629078
-0.41 0.631203
-0.4 0.633167
-0.39 0.634971
-0.38 0.636618
-0.37 0.638108
-0.36 0.639445
-0.35 0.640628
-0.34 0.641659
-0.33 0.642541
-0.32 0.643274
-0.31 0.64386
-0.3 0.644299
-0.29 0.644593
-0.28 0.644742
-0.27 0.644749
-0.26 0.644613
-0.25 0.644336
-0.24 0.654927
-0.23 0.651125
-0.22 0.648615
-0.21 0.64438
-0.2 0.642104
-0.19 0.63984
-0.18 0.638475
-0.17 0.637081
-0.16 0.635547
-0.15 0.633874
-0.14 0.63206
-0.13 0.630105
-0.12 0.628008
-0.11 0.625767
-0.1 0.623381
-0.09 0.620847
-0.08 0.618163
-0.07 0.627917
-0.06 0.622231
-0.05 0.616655
-0.04 0.611183
-0.03 0.605115
-0.02 0.598906
-0.01 0.594874
1.64105e-15 0.590836
0.01 0.586595
0.02 0.582138
0.03 0.577451
0.04 0.572515
0.05 0.567308
0.06 0.579269
0.07 0.567505
0.08 0.557318
0.09 0.546767
0.1 0.536442
0.11 0.528377
0.12 0.520041
0.13 0.510901
0.14 0.52821
0.15 0.502772
0.16 0.480036
0.17 0.461454
0.18 0.443657
0.19 0.439895
0.2 0.395566
0.21 0.438795
0.22 0.315451
0.23 -1808.38
0.24 0.561529
0.25 0.560298
0.26 0.560447
0.27 0.556966
0.28 0.551819
0.29 0.544824
0.3 0.537998
0.31 0.53004
0.32 0.521747
0.33 0.513294
0.34 0.504787
0.35 0.496289
0.36 0.487832
0.37 0.479429
0.38 0.471082
0.39 0.462784
0.4 0.45453
0.41 0.446309
0.42 0.438111
0.43 0.429927
0.44 0.421748
0.45 0.413566
0.46 0.405373
0.47 0.397162
0.48 0.388928
0.49 0.380664
0.5 0.372366
0.51 0.364029
0.52 0.35565
0.53 0.347225
0.54 0.338751
0.55 0.330224
0.56 0.321643
0.57 0.313006
0.58 0.304309
0.59 0.295551
0.6 0.286731
0.61 0.277847
0.62 0.268897
0.63 0.259881
0.64 0.250796
0.65 0.241642
0.66 0.232418
0.67 0.223123
0.68 0.213756
0.69 0.204315
0.7 0.194801
0.71 0.185213
0.72 0.17555
0.73 0.16581
0.74 0.155995
0.75 0.146102
0.76 0.136132
0.77 0.126084
0.78 0.115957
0.79 0.10575
0.8 0.0954645
0.81 0.0850985
0.82 0.0746518
0.83 0.064124
0.84 0.0535146
0.85 0.0428231
0.86 0.0320492
0.87 0.0211922
0.88 0.0102518
0.89 -0.000772429
0.9 -0.011881
0.91 -0.0230744
0.92 -0.034353
0.93 -0.0457174
0.94 -0.0571679
0.95 -0.0687051
0.96 -0.0803295
0.97 -0.0920414
0.98 -0.103842
0.99 -0.11573
1 -0.127708
1.01 -0.139776
1.02 -0.151933
1.03 -0.164182
1.04 -0.176521
1.05 -0.188953
1.06 -0.201477
1.07 -0.214094
1.08 -0.226804
1.09 -0.239609
1.1 -0.252509
1.11 -0.265504
1.12 -0.278596
1.13 -0.291784
1.14 -0.30507
1.15 -0.318455
1.16 -0.331938
1.17 -0.345521
1.18 -0.359205
1.19 -0.37299
1.2 -0.386878
1.21 -0.400868
1.22 -0.414963
1.23 -0.429162
1.24 -0.443468
1.25 -0.45788
1.26 -0.4724
1.27 -0.487028
1.28 -0.501767
1.29 -0.516616
1.3 -0.531578
1.31 -0.546652
1.32 -0.561841
1.33 -0.577145
1.34 -0.592567
1.35 -0.608106
1.36 -0.623765
1.37 -0.639545
1.38 -0.655447
1.39 -0.671473
1.4 -0.687624
1.41 -0.703902
1.42 -0.720309
1.43 -0.736846
1.44 -0.753515
1.45 -0.770317
1.46 -0.787256
1.47 -0.804332
1.48 -0.821547
1.49 -0.838905
1.5 -0.856406
1.51 -0.874054
1.52 -0.89185
1.53 -0.909798
1.54 -0.927899
1.55 -0.946156
1.56 -0.964572
1.57 -0.98315
1.58 -1.00189
1.59 -1.0208
1.6 -1.03989
1.61 -1.05914
1.62 -1.07858
1.63 -1.0982
1.64 -1.118
1.65 -1.13799
1.66 -1.15818
1.67 -1.17856
1.68 -1.19915
1.69 -1.21995
1.7 -1.24096
1.71 -1.26219
1.72 -1.28365
1.73 -1.30534
1.74 -1.32726
1.75 -1.34943
1.76 -1.37185
1.77 -1.39454
1.78 -1.41748
1.79 -1.44071
1.8 -1.46422
1.81 -1.48803
1.82 -1.51214
1.83 -1.53658
1.84 -1.56134
1.85 -1.58645
1.86 -1.61191
1.87 -1.63775
1.88 -1.66399
1.89 -1.69062
1.9 -1.71769
1.91 -1.74521
1.92 -1.77321
1.93 -1.80171
1.94 -1.83073
1.95 -1.86033
1.96 -1.89052
1.97 -1.92136
1.98 -1.95288
1.99 -1.98515
