-5 -4.91691
-4.9 -4.86422
-4.8 -4.80323
-4.7 -4.74604
-4.6 -4.6839
-4.5 -4.62111
-4.4 -4.56253
-4.3 -4.49845
-4.2 -4.43361
-4.1 -4.28712
-4 -4.21433
-3.9 -4.14015
-3.8 -4.06449
-3.7 -3.98724
-3.6 -3.9083
-3.5 -3.82755
-3.4 -3.74486
-3.3 -3.66008
-3.2 -3.57304
-3.1 -3.48355
-3 -3.39137
-2.9 -3.29817
-2.8 -3.2009
-2.7 -3.10248
-2.6 -2.99002
-2.5 -2.87956
-2.4 -2.76398
-2.3 -2.64254
-2.2 -2.51431
-2.1 -2.37811
-2 -2.23245
-1.9 -2.07535
-1.8 -1.90421
-1.7 -1.71554
-1.6 -1.50473
-1.5 -1.26606
-1.4 -0.994392
-1.3 -0.692178
-1.2 -0.383377
-1.1 -0.108769
-1 0.109884
-0.9 0.276326
-0.8 0.401306
-0.7 0.493925
-0.6 0.56066
-0.5 0.606022
-0.4 0.633167
-0.3 0.644299
-0.2 0.642104
-0.1 0.623381
-1.02696e-15 0.590836
0.1 0.536442
0.2 0.395566
0.3 0.537998
0.4 0.45453
0.5 0.372366
0.6 0.286731
0.7 0.194801
0.8 0.0954645
0.9 -0.011881
1 -0.127708
1.1 -0.252509
1.2 -0.386878
1.3 -0.531578
1.4 -0.687624
1.5 -0.856406
1.6 -1.03989
1.7 -1.24096
1.8 -1.46422
1.9 -1.71769
2 -2.01823
