-5 -nan
-4.9 -nan
-4.8 -nan
-4.7 -nan
-4.6 -nan
-4.5 -nan
-4.4 -nan
-4.3 -nan
-4.2 -nan
-4.1 -nan
-4 -nan
-3.9 -nan
-3.8 -nan
-3.7 -nan
-3.6 -nan
-3.5 -nan
-3.4 -nan
-3.3 -nan
-3.2 -nan
-3.1 -nan
-3 -nan
-2.9 -nan
-2.8 -nan
-2.7 -nan
-2.6 -nan
-2.5 -nan
-2.4 -nan
-2.3 -nan
-2.2 -nan
-2.1 -nan
-2 -nan
-1.9 -nan
-1.8 -nan
-1.7 -nan
-1.6 -nan
-1.5 -nan
-1.4 -1.08078
-1.3 -0.0754251
-1.2 0.158914
-1.1 0.0679228
-1 -0.0782783
-0.9 -0.204301
-0.8 -0.289631
-0.7 -0.329347
-0.6 -0.32485
-0.5 -0.280719
-0.4 -0.203185
-0.3 -0.0992167
-0.2 0.0233966
-0.1 0.159218
-1.02696e-15 0.298854
0.1 0.433358
0.2 0.541964
0.3 0.777481
0.4 0.830993
0.5 0.876579
0.6 0.87839
0.7 0.776989
0.8 0.523511
0.9 -0.098009
1 -1.21864
1.1 -1.94804
1.2 -2.40533
1.3 -2.73728
1.4 -3.07053
1.5 -3.17916
1.6 -3.51338
1.7 -3.44669
1.8 -4.11511
1.9 -3.57508
2 -5189.84
